OP	allsites_3sp_alpha	allsites_3sp_alpha_min	allsites_3sp_alpha_max	allsites_3sp_omegaA	allsites_3sp_omegaA_min	allsites_3sp_omegaA_max	allsites_3sp_omegaNA	allsites_3sp_omegaNA_min	allsites_3sp_omegaNA_max	allsites_rainbow_alpha	allsites_rainbow_alpha_min	allsites_rainbow_alpha_max	allsites_rainbow_omegaA	allsites_rainbow_omegaA_min	allsites_rainbow_omegaA_max	allsites_rainbow_omegaNA	allsites_rainbow_omegaNA_min	allsites_rainbow_omegaNA_max	allsites_chinook_alpha	allsites_chinook_alpha_min	allsites_chinook_alpha_max	allsites_chinook_omegaA	allsites_chinook_omegaA_min	allsites_chinook_omegaA_max	allsites_chinook_omegaNA	allsites_chinook_omegaNA_min	allsites_chinook_omegaNA_max	GCcons_rainbow_alpha	GCcons_rainbow_alpha_min	GCcons_rainbow_alpha_max	GCcons_rainbow_omegaA	GCcons_rainbow_omegaA_min	GCcons_rainbow_omegaA_max	GCcons_rainbow_omegaNA	GCcons_rainbow_omegaNA_min	GCcons_rainbow_omegaNA_max	beta	ho	hs	rivers	region	longitude	latitude	LON_emb	LAT_emb	dist_to_ocean	dist_to_source	pNseq	pSseq	NbSynSites	totallength	pSratio	pNratio	pNpSratio	Ne_estimate
BER	0.156858	0.150873	0.162873	0.0367777	0.0353744	0.038188	0.197687	0.196277	0.19909	0.0358752	0.0318812	0.0398812	0.00807669	0.00717751	0.00897857	0.217056	0.216154	0.217955	0.0342239	0.0292339	0.0392339	0.00770754	0.00658374	0.00883584	0.217502	0.216374	0.218626	-0.319996	-0.32399	-0.31599	-0.0720873	-0.072987	-0.0711848	0.297363	0.29646	0.298262	0.04009049	0.10865174	0.10273033	Berners	Alaska	-134.9586	58.9674	-134.9823	58.77278	34.83733	2688.837	27272.2	34337	25730300	100105512	0.00133449	0.00036668	0.274362	28598.67
CAP	0.25019	0.244205	0.256205	0.0586779	0.0572743	0.0600887	0.175856	0.174445	0.17726	0.290346	0.286352	0.294352	0.0653435	0.0644447	0.0662451	0.15971	0.158809	0.160609	-0.0464043	-0.0513943	-0.0413943	-0.0104585	-0.0115832	-0.00932938	0.235837	0.234708	0.236961	-0.206444	-0.210438	-0.202438	-0.0464226	-0.0473207	-0.0455218	0.27129	0.270389	0.272188	-0.025055362	0.11427313	0.10992135	Capilano	BC	-123.1156	49.35415	-123.3156	49.2661	23.1528	1545.153	28784.2	36547.7	25894800	100741014	0.00141139	0.00038457	0.272147	30457.04
DES	0.0893129	0.0833279	0.0953279	0.0208935	0.0194934	0.0223006	0.213042	0.211635	0.214442	0.108607	0.104613	0.112613	0.0244352	0.0235366	0.0253365	0.200552	0.199651	0.201451	0.108607	0.104613	0.112613	0.0244352	0.0235366	0.0253365	0.200552	0.199651	0.201451	0.192392	0.188398	0.196398	0.0433131	0.0424139	0.0442149	0.181816	0.180915	0.182716	0.048397314	0.11631345	0.10076608	Deschutes	Cascadia	-121.2456	44.8598	-124.0595	46.24753	490.91	1576.91	28278.3	35304.3	25701800	99991239	0.00137361	0.00038065	0.276766	31679.6
INC	0.20881	0.202825	0.214825	0.0487744	0.0473764	0.0501794	0.184809	0.183404	0.186207	0.143698	0.139704	0.147704	0.0323418	0.0314429	0.0332434	0.192726	0.191824	0.193625	0.112786	0.107796	0.117796	0.0253526	0.0242309	0.0264788	0.199432	0.198306	0.200554	-0.076601	-0.080595	-0.072595	-0.0172264	-0.0181246	-0.0163255	0.242111	0.24121	0.243009	0.007187324	0.11116095	0.10640354	Inch	BC	-122.1502	49.1762	-123.2612	49.11619	93.5471	1600.547	27903.1	35366.6	25840700	100531143	0.00136863	0.00037358	0.27266	30111.38
KLA	0.165371	0.159386	0.171386	0.0387803	0.0373768	0.0401908	0.195725	0.194314	0.197128	0.104955	0.100961	0.108961	0.023627	0.0227279	0.0245289	0.20149	0.200588	0.202389	0.0379825	0.0329925	0.0429925	0.00856036	0.00743573	0.0096895	0.216816	0.215687	0.217941	-0.121675	-0.125669	-0.117669	-0.0274132	-0.0283131	-0.0265107	0.252711	0.251809	0.253611	0.039118695	0.10829097	0.10289318	Klamath	California	-122.442	41.92941	-124.0839	46.23684	286.91	1371.91	22534.4	28983.3	21620200	84147168	0.00134056	0.00036039	0.268656	29557.48
KWE	0.151148	0.145163	0.157163	0.0355438	0.0341363	0.0369582	0.199614	0.1982	0.201022	0.0784471	0.0744531	0.0824531	0.0176968	0.0167958	0.0186005	0.207892	0.206988	0.208793	0.0849125	0.0799225	0.0899225	0.0191786	0.0180516	0.0203102	0.206685	0.205553	0.207812	0.190379	0.186385	0.194385	0.042915	0.0420147	0.0438181	0.182504	0.181601	0.183405	0.169766682	0.09399535	0.08884958	Kwethluk	Alaska	-161.0985	60.49574	-162.3417	60.07257	248.60368	4979.604	25036.4	31576	25799500	100372875	0.00122389	0.00033572	0.273916	27062.47
MSL	0.09352	0.0815858	0.105586	0.0322578	0.0281413	0.0364198	0.312671	0.308509	0.316788	0.123989	0.119995	0.127995	0.0280423	0.027139	0.0289484	0.198126	0.19722	0.199029	0.123989	0.119995	0.127995	0.0280423	0.027139	0.0289484	0.198126	0.19722	0.199029	-0.136587	-0.140581	-0.132581	-0.0308682	-0.0317708	-0.0299628	0.256865	0.25596	0.257768	0.412248795	0.06885098	0.06261118	MileSlough	Alaska	-149.1235	64.50224	-164.9584	62.63581	1569.79409	6676.794	19567.8	23942.8	25961300	101000475	0.00092224	0.00026076	0.281995	26178.9
PAL	0.169283	0.163298	0.175298	0.0396846	0.0382815	0.0410946	0.194743	0.193333	0.196146	0.104955	0.100961	0.108961	0.023627	0.0227279	0.0245289	0.20149	0.200588	0.202389	0.0799621	0.074972	0.0849721	0.0180262	0.0169013	0.0191556	0.207408	0.206279	0.208533	0.149344	0.14535	0.15335	0.0335934	0.032695	0.0344945	0.191347	0.190445	0.192245	0.048123251	0.1069669	0.10196761	Pallant	HaidaGwaï	-132.0635	53.0574	-131.5156	52.97929	38.13409	1987.134	27414	34388.3	25890000	100724289	0.00132824	0.00036632	0.275602	27483.07
POR	-0.0245544	-0.0305394	-0.0185394	-0.00579757	-0.0072107	-0.00437736	0.241909	0.240489	0.243322	-0.0496076	-0.0536016	-0.0456016	-0.0112336	-0.0121381	-0.0103265	0.237683	0.236776	0.238588	-0.129643	-0.134633	-0.124633	-0.0294488	-0.0305823	-0.0283108	0.256601	0.255463	0.257735	-0.139721	-0.143715	-0.135715	-0.0316623	-0.0325674	-0.0307545	0.258274	0.257366	0.259179	0.52020992	0.05663316	0.05118237	Porcupine	Alaska	-141	67.41056	-164.9584	62.63581	2437.22396	7544.224	15811.4	18977.6	23737400	92383794	0.00079948	0.00023033	0.287859	24847.82
QUI	0.197355	0.19137	0.20337	0.0462137	0.0448122	0.0476222	0.187952	0.186543	0.189353	0.0936366	0.0896426	0.0976426	0.0211022	0.0202021	0.022005	0.20426	0.203358	0.20516	0.108099	0.103109	0.113109	0.0243309	0.0232077	0.0254585	0.200749	0.199621	0.201872	-0.0556171	-0.0596111	-0.0516111	-0.0125238	-0.0134232	-0.0116218	0.237703	0.236801	0.238603	-0.005284301	0.11188066	0.10782476	Quilcene	Cascadia	-122.9127	47.8103	-125.121	49.96363	28.33744	1692.337	28408	36014.9	25765000	100240752	0.00139782	0.00038143	0.272727	30526.57
ROB	0.253145	0.24716	0.25916	0.0593086	0.0579064	0.0607178	0.174979	0.173569	0.176381	0.153335	0.149341	0.157341	0.0345357	0.0336361	0.0354379	0.190695	0.189793	0.191594	0.0312568	0.0262667	0.0362668	0.00704631	0.00592139	0.00817573	0.218387	0.217257	0.219512	-0.13886	-0.142854	-0.134854	-0.0312515	-0.0321504	-0.0303499	0.25631	0.255408	0.257209	0.030226374	0.11275539	0.10341261	Robertson	BC	-124.981	49.3369	-125.3131	48.80587	92.04761	1469.048	27561.5	35181.4	25761600	100224276	0.00136565	0.00037013	0.271062	32887.48
SAL	0.00657022	0.000585202	0.0125852	0.00154879	0.000137949	0.0029667	0.23418	0.232762	0.235591	-0.0584132	-0.0624072	-0.0544072	-0.0132127	-0.0141162	-0.0123066	0.239407	0.238501	0.240311	-0.0995964	-0.104586	-0.0945864	-0.0225631	-0.0236936	-0.0214281	0.249108	0.247973	0.250239	-0.159512	-0.163506	-0.155506	-0.036086	-0.0369896	-0.0351798	0.262314	0.261408	0.263218	0.278380989	0.08365848	0.07698094	Salmon	Thompson	-119.3357	50.68361	-123.2612	49.11619	633.35675	2140.357	22751.9	28608.3	25932400	100892115	0.00110318	0.00030352	0.274705	27409.5
SNA	0.0745717	0.0685866	0.0805867	0.0175312	0.0161242	0.0189453	0.217561	0.216147	0.218968	0.152792	0.148798	0.156798	0.0344979	0.0335961	0.0354024	0.191286	0.190381	0.192188	0.152067	0.147077	0.157077	0.0343761	0.0332481	0.0355087	0.191684	0.190551	0.192812	-0.2436	-0.247594	-0.239594	-0.0549572	-0.0558583	-0.0540534	0.280562	0.279658	0.281463	0.157345954	0.09686809	0.0899955	SNA	Alaska	-165.5339	64.5244	-165.4048	64.42935	26.84406	5315.844	25016.8	31367.3	25898800	100758744	0.00121114	0.00033418	0.275805	28442.5
TSO	0.235271	0.229286	0.241286	0.0549867	0.0535879	0.0563925	0.178729	0.177324	0.180128	0.190957	0.186963	0.194963	0.0429412	0.0420431	0.0438421	0.181933	0.181032	0.182831	0.198726	0.193736	0.203736	0.0446629	0.0435414	0.0457889	0.180084	0.178958	0.181205	-0.285722	-0.289716	-0.281716	-0.0641989	-0.0650963	-0.0632988	0.288889	0.287988	0.289786	-0.08934735	0.12098328	0.11687282	Tsooyess	Cascadia	-124.65	48.2913	-124.6612	48.32571	15.2784	1337.278	30090.7	38164.7	25727200	100091607	0.00148343	0.00040463	0.27242	31292.05
