POP    GCclasses       nb_CDS  medianGC3       pNseq   pSseq   NbSynSites      totallengthCDS  pNpS
babine_kokanee	1	4064	0.463095	1748.3400	927.7500	1013670.0	4000590.0	.63736
babine_kokanee	2	4165	0.540254	1172.1500	827.0410	1013060.0	4000158.0	.48148
babine_kokanee	3	4475	0.579151	815.6680	762.7770	1018270.0	4004067.0	.36486
babine_kokanee	4	4107	0.607477	686.1000	689.9640	1018170.0	4000470.0	.34328
babine_kokanee	5	4033	0.629231	561.0690	758.0050	1021360.0	4001034.0	.24324
babine_kokanee	6	3944	0.648199	715.4330	1223.2200	1023910.0	4000017.0	.20168
babine_kokanee	7	3661	0.664311	477.6950	869.4860	1022840.0	4000356.0	.18823
babine_kokanee	8	3422	0.67872	688.7260	1119.1200	1025130.0	4001985.0	.21100
babine_kokanee	9	3165	0.692308	711.2530	1168.1500	1026030.0	4000950.0	.20353
babine_kokanee	10	3146	0.705036	663.5500	1034.3600	1029900.0	4001535.0	.22000
babine_kokanee	11	3124	0.718974	447.2910	969.6280	1029180.0	4000530.0	.15957
babine_kokanee	12	3285	0.738971	535.8410	1137.4900	1029740.0	4001385.0	.16363
babine_kokanee	13	3434	0.763359	461.7310	1229.7900	1031760.0	4000353.0	.12605
babine_kokanee	14	2737	0.826996	367.028	856.825	592889.000	2300769.000	.14583
babine_sockeye	1	2794	0.459878	1820.9000	1020.4900	1012930.0	4000404.0	.60000
babine_sockeye	2	3204	0.52125	1155.2100	780.9810	1016790.0	4003389.0	.50000
babine_sockeye	3	3099	0.555258	1154.2000	806.9730	1015460.0	4000701.0	.48101
babine_sockeye	4	3343	0.580972	941.7310	776.7320	1016820.0	4000272.0	.40789
babine_sockeye	5	2970	0.601278	748.0880	760.5520	1021010.0	4002264.0	.33783
babine_sockeye	6	2984	0.616088	658.2450	684.3760	1020480.0	4000347.0	.32835
babine_sockeye	7	2945	0.630037	542.6000	765.3070	1024250.0	4001631.0	.24324
babine_sockeye	8	2825	0.642391	738.1100	1114.5800	1024820.0	4001931.0	.22222
babine_sockeye	9	2665	0.652687	685.2660	1025.7200	1026240.0	4000197.0	.23232
babine_sockeye	10	2745	0.662717	627.9410	1079.0800	1026340.0	4000749.0	.20000
babine_sockeye	11	2510	0.672158	650.4210	1098.0500	1023830.0	4001307.0	.19626
babine_sockeye	12	2389	0.680653	573.2720	986.9480	1028070.0	4000362.0	.19791
babine_sockeye	13	2292	0.688946	588.5880	1050.7900	1028400.0	4001259.0	.18627
babine_sockeye	14	2177	0.697032	595.9670	921.6450	1030190.0	4001823.0	.22471
babine_sockeye	15	2195	0.704545	624.3520	1131.9500	1027370.0	4000122.0	.19090
babine_sockeye	16	2226	0.712944	642.6930	1207.2600	1026880.0	4000398.0	.17948
babine_sockeye	17	2303	0.722958	627.4360	1261.6200	1030190.0	4001475.0	.17213
babine_sockeye	18	2188	0.732506	520.7570	1208.0500	1032900.0	4001499.0	.14655
babine_sockeye	19	2331	0.745902	534.3310	1197.5400	1030790.0	4000392.0	.14655
babine_sockeye	20	2288	0.762478	477.8860	1105.4600	1038400.0	4007409.0	.15094
babine_sockeye	21	2617	0.784836	639.6940	1514.9600	1032100.0	4001550.0	.14383
babine_sockeye	22	781	0.812709	85.972	288.516	181528.000	707466.000	.10126
HSF_kok	1	2523	0.459184	1646.5100	910.6010	1014070.0	4000299.0	.61797
HSF_kok	2	3063	0.519041	1178.2300	772.7360	1013070.0	4000938.0	.51315
HSF_kok	3	2765	0.552017	998.8010	755.0060	1021460.0	4000248.0	.45205
HSF_kok	4	3019	0.578158	839.2950	629.9570	1018290.0	4001301.0	.45901
HSF_kok	5	2968	0.597484	737.6740	596.0670	1020520.0	4004268.0	.41379
HSF_kok	6	2493	0.612245	630.0830	782.6310	1022000.0	4000404.0	.27631
HSF_kok	7	2762	0.624752	529.4100	665.8830	1023810.0	4001838.0	.26153
HSF_kok	8	2562	0.636364	656.8360	944.8670	1027210.0	4000233.0	.24175
HSF_kok	9	2323	0.646259	726.1410	1031.8400	1027880.0	4002003.0	.24000
HSF_kok	10	2552	0.655426	546.0880	824.9220	1029520.0	4001064.0	.22500
HSF_kok	11	2354	0.664465	696.2640	1200.8200	1027320.0	4000845.0	.19827
HSF_kok	12	2330	0.672581	586.6000	1180.8400	1025330.0	4000875.0	.16521
HSF_kok	13	2135	0.680307	560.9260	874.5740	1030170.0	4002036.0	.21428
HSF_kok	14	2041	0.687744	679.1290	936.6650	1028100.0	4001430.0	.24175
HSF_kok	15	1971	0.694845	572.4330	841.8740	1029460.0	4000302.0	.23456
HSF_kok	16	2037	0.701754	594.6430	991.9900	1028710.0	4001790.0	.20833
HSF_kok	17	1838	0.708578	527.5810	1012.5500	1035640.0	4010025.0	.17525
HSF_kok	18	1902	0.715953	571.4360	1096.4700	1028650.0	4000953.0	.17924
HSF_kok	19	1969	0.723404	617.5660	1169.0900	1032750.0	4000479.0	.17699
HSF_kok	20	2099	0.732897	428.4530	950.8780	1033140.0	4003926.0	.15217
HSF_kok	21	1938	0.743558	453.1430	1138.8800	1032970.0	4000809.0	.13636
HSF_kok	22	2086	0.757895	445.1930	1064.3400	1035060.0	4001187.0	.14705
HSF_kok	23	1972	0.771484	678.5810	1537.3300	1034440.0	4002171.0	.14864
HSF_kok	24	2123	0.807595	405.198	1032.910	810641.000	3143169.000	.13385
HSF_soc	1	2186	0.458629	2209.0100	1250.2800	1015160.0	4000278.0	.60162
HSF_soc	2	2595	0.513881	1677.5200	953.1840	1016040.0	4001649.0	.60215
HSF_soc	3	2491	0.547945	1376.0800	1096.9800	1025060.0	4012440.0	.42990
HSF_soc	4	2571	0.571429	1207.9600	1021.0000	1018610.0	4000770.0	.40000
HSF_soc	5	2635	0.590146	1146.1400	886.1110	1023940.0	4001169.0	.44186
HSF_soc	6	2338	0.60585	901.0940	933.5320	1022420.0	4001817.0	.32967
HSF_soc	7	2241	0.616	910.0830	1020.4100	1025270.0	4002024.0	.30303
HSF_soc	8	2321	0.628001	826.2670	982.5770	1026950.0	4000689.0	.28421
HSF_soc	9	2130	0.638095	837.4100	985.3470	1030160.0	4003170.0	.29473
HSF_soc	10	2161	0.646516	764.3340	1237.9000	1027500.0	4000932.0	.20833
HSF_soc	11	1998	0.654135	895.8860	1263.7500	1030650.0	4001052.0	.24590
HSF_soc	12	2005	0.661557	836.8260	1256.6400	1031120.0	4001241.0	.23140
HSF_soc	13	1991	0.668483	817.7190	1366.6700	1028330.0	4000491.0	.20454
HSF_soc	14	1926	0.675214	654.5900	1229.2900	1027100.0	4000905.0	.18487
HSF_soc	15	1823	0.681725	817.5490	1441.5800	1029830.0	4000005.0	.19424
HSF_soc	16	1814	0.687747	828.6550	1231.9200	1034280.0	4015161.0	.22689
HSF_soc	17	1626	0.69308	926.0600	1175.5200	1030970.0	4000014.0	.27192
HSF_soc	18	1615	0.698931	691.5380	1096.6500	1030780.0	4000203.0	.21698
HSF_soc	19	1586	0.704576	722.7110	1178.0500	1032010.0	4003197.0	.21052
HSF_soc	20	1569	0.709919	728.8180	1556.0000	1033580.0	4000020.0	.16000
HSF_soc	21	1716	0.716009	864.6460	1468.8300	1031170.0	4000965.0	.20422
HSF_soc	22	1434	0.722473	702.1770	1353.2200	1032630.0	4000557.0	.17557
HSF_soc	23	1670	0.728998	680.9000	1251.0000	1034030.0	4001295.0	.18333
HSF_soc	24	1807	0.737143	651.7790	1210.6600	1034970.0	4005258.0	.18103
HSF_soc	25	1600	0.745223	582.4470	1309.9100	1037640.0	4002306.0	.15079
HSF_soc	26	1746	0.757778	766.3650	1855.8600	1039930.0	4001547.0	.14044
HSF_soc	27	1578	0.768526	737.3030	1445.3000	1036140.0	4001754.0	.17266
HSF_soc	28	1934	0.788863	673.0050	1852.8400	1031060.0	4000668.0	.12290
HSF_soc	29	611	0.813212	124.075	283.778	226795.000	879297.000	.15200
Shale_kok	1	3395	0.460094	1570.7800	920.0570	1012350.0	4000347.0	.57777
Shale_kok	2	3888	0.528993	1125.5900	723.7820	1015560.0	4000398.0	.52112
Shale_kok	3	3807	0.565445	913.7790	733.6480	1015760.0	4000950.0	.41666
Shale_kok	4	3728	0.592075	819.1640	684.9760	1018210.0	4000470.0	.40298
Shale_kok	5	3434	0.611111	655.2620	714.0980	1020030.0	4000122.0	.30000
Shale_kok	6	3329	0.628415	629.9640	810.8900	1023190.0	4000497.0	.26582
Shale_kok	7	3407	0.642373	673.1200	1137.7500	1025850.0	4000434.0	.20000
Shale_kok	8	3275	0.655309	599.4980	1140.3900	1025270.0	4000482.0	.18018
Shale_kok	9	3015	0.666667	657.5030	1094.9000	1025070.0	4001082.0	.20754
Shale_kok	10	3029	0.677914	710.9650	1354.7200	1024970.0	4001994.0	.17424
Shale_kok	11	2700	0.68838	649.0810	1064.2000	1027110.0	4002219.0	.20388
Shale_kok	12	2741	0.698113	719.7050	1214.5300	1027580.0	4002204.0	.20338
Shale_kok	13	2766	0.708738	626.1630	1136.7100	1027660.0	4001568.0	.19090
Shale_kok	14	2460	0.719072	548.1220	998.8870	1030520.0	4000380.0	.18750
Shale_kok	15	2816	0.731959	486.0240	1029.5300	1031230.0	4000167.0	.16161
Shale_kok	16	2634	0.747706	486.3600	1445.5700	1035860.0	4005672.0	.11510
Shale_kok	17	2930	0.767647	585.4050	1558.6200	1034390.0	4001112.0	.12666
Shale_kok	18	2556	0.819588	345.457	939.762	648840.000	2518125.000	.12500
Tachie_soc	1	2219	0.458418	2143.4500	1238.6600	1015090.0	4000002.0	.58196
Tachie_soc	2	2545	0.514539	1663.2500	936.0050	1015600.0	4000035.0	.59782
Tachie_soc	3	2459	0.548077	1269.2400	1078.5800	1022530.0	4003338.0	.40000
Tachie_soc	4	2580	0.570978	1268.2700	1024.5000	1021560.0	4009431.0	.42000
Tachie_soc	5	2605	0.5896	1141.5400	905.7030	1023000.0	4000377.0	.43181
Tachie_soc	6	2313	0.605568	945.2010	902.7790	1022510.0	4002336.0	.35227
Tachie_soc	7	2215	0.616517	989.6840	1039.4400	1024540.0	4000059.0	.32673
Tachie_soc	8	2280	0.627782	837.4480	990.8270	1026320.0	4000620.0	.29166
Tachie_soc	9	2165	0.637168	920.7590	1171.0100	1028610.0	4000344.0	.26548
Tachie_soc	10	2149	0.645912	807.8650	1101.8600	1033960.0	4021833.0	.25471
Tachie_soc	11	2020	0.653377	896.2710	1215.5200	1030330.0	4000962.0	.25641
Tachie_soc	12	1984	0.660905	854.5820	1244.6700	1030550.0	4000281.0	.23333
Tachie_soc	13	1990	0.667883	840.2550	1235.9700	1029950.0	4000284.0	.23333
Tachie_soc	14	1907	0.674603	845.8120	1413.1700	1026680.0	4002507.0	.20437
Tachie_soc	15	1807	0.680905	838.7030	1355.0800	1028270.0	4001766.0	.21374
Tachie_soc	16	1763	0.686941	817.2110	1136.1900	1032640.0	4000383.0	.24545
Tachie_soc	17	1653	0.692537	854.5940	1095.4700	1030490.0	4000170.0	.26415
Tachie_soc	18	1622	0.698225	805.6720	1152.1800	1029760.0	4001580.0	.24324
Tachie_soc	19	1582	0.703869	641.5910	1123.0700	1032520.0	4004286.0	.19444
Tachie_soc	20	1541	0.709302	772.6080	1456.0000	1035630.0	4000347.0	.18571
Tachie_soc	21	1631	0.715071	844.7480	1476.3900	1031090.0	4004316.0	.19580
Tachie_soc	22	1500	0.721333	785.2120	1459.8100	1033220.0	4004376.0	.18439
Tachie_soc	23	1644	0.727616	661.6630	1322.6100	1033560.0	4000602.0	.17322
Tachie_soc	24	1775	0.735642	632.8330	1235.9100	1033860.0	4000668.0	.17647
Tachie_soc	25	1629	0.743707	581.2950	1307.8900	1038040.0	4005744.0	.15200
Tachie_soc	26	1824	0.755644	721.7430	1780.3400	1037760.0	4000926.0	.14035
Tachie_soc	27	1463	0.766942	744.3880	1353.2600	1036860.0	4001235.0	.19230
Tachie_soc	28	1876	0.784091	664.4960	1677.3400	1032340.0	4001595.0	.13580
Tachie_soc	29	963	0.802752	293.967	681.564	400042.000	1552911.000	.14705
Takla_kok	1	2472	0.457658	1949.5200	1126.6000	1014760.0	4000764.0	.58558
Takla_kok	2	2864	0.515957	1201.9800	686.0030	1013410.0	4000353.0	.59701
Takla_kok	3	2767	0.551587	1153.6100	922.4840	1019600.0	4000572.0	.42222
Takla_kok	4	2919	0.575422	975.1980	764.7930	1019070.0	4001259.0	.42666
Takla_kok	5	3019	0.595506	783.0550	627.9210	1018870.0	4000491.0	.42622
Takla_kok	6	2563	0.611002	819.0590	790.1310	1023560.0	4000683.0	.35064
Takla_kok	7	2547	0.622699	678.0290	767.5430	1021930.0	4000104.0	.29333
Takla_kok	8	2602	0.634146	686.8520	1020.5500	1025610.0	4001964.0	.23232
Takla_kok	9	2329	0.644243	521.1390	802.0300	1027590.0	4000125.0	.21794
Takla_kok	10	2419	0.653171	667.3360	1080.6900	1030270.0	4000950.0	.21153
Takla_kok	11	2317	0.661894	612.8190	1065.2300	1025020.0	4001235.0	.19417
Takla_kok	12	2419	0.67033	603.1350	1001.4400	1024380.0	4001814.0	.20618
Takla_kok	13	2127	0.677885	655.7040	1146.5800	1026980.0	4000680.0	.19819
Takla_kok	14	2059	0.685345	548.0990	864.9490	1029220.0	4002453.0	.21428
Takla_kok	15	1989	0.692404	649.6190	930.7310	1028110.0	4001982.0	.23333
Takla_kok	16	1893	0.699088	608.0290	936.4710	1027270.0	4003179.0	.21978
Takla_kok	17	1908	0.705776	640.1900	1176.5400	1032370.0	4002753.0	.18584
Takla_kok	18	2034	0.713299	496.6550	1149.8700	1025830.0	4000500.0	.14285
Takla_kok	19	1845	0.720974	605.9830	991.5600	1029150.0	4000161.0	.20833
Takla_kok	20	1981	0.728854	708.5000	1387.1200	1035100.0	4000944.0	.17164
Takla_kok	21	2073	0.740157	505.3450	1132.1300	1032980.0	4000359.0	.15596
Takla_kok	22	2032	0.752341	529.6830	1265.5400	1033850.0	4001121.0	.13934
Takla_kok	23	1883	0.767131	608.6010	1187.5600	1034240.0	4000365.0	.17543
Takla_kok	24	2419	0.790932	645.3360	1606.1900	1029690.0	4000482.0	.13548
Takla_kok	25	334	0.830275	26.983	57.538	68806.000	265212.000	.15662
Takla_soc	1	2400	0.457918	1921.2700	1086.3100	1014170.0	4000173.0	.59813
Takla_soc	2	2839	0.516781	1344.0600	780.2860	1014840.0	4000218.0	.59210
Takla_soc	3	2577	0.5507	1227.8700	929.2480	1022170.0	4001937.0	.45555
Takla_soc	4	2901	0.574324	954.7890	773.9320	1018160.0	4004598.0	.40789
Takla_soc	5	2829	0.593354	829.2610	739.1080	1021150.0	4000320.0	.37500
Takla_soc	6	2505	0.608874	791.9040	849.9940	1023690.0	4000824.0	.31325
Takla_soc	7	2559	0.62117	707.1460	824.4300	1022860.0	4006176.0	.28750
Takla_soc	8	2435	0.633124	608.4880	775.1880	1027030.0	4000053.0	.26666
Takla_soc	9	2293	0.643478	667.8860	974.0150	1025170.0	4000365.0	.23157
Takla_soc	10	2400	0.652174	680.0190	1085.1800	1027110.0	4000125.0	.20952
Takla_soc	11	2311	0.660164	849.0260	1235.6600	1030380.0	4000620.0	.23529
Takla_soc	12	2232	0.668305	740.9260	1149.2500	1027660.0	4001793.0	.21621
Takla_soc	13	2100	0.675921	684.1130	1160.2700	1027150.0	4003683.0	.19642
Takla_soc	14	2054	0.683333	708.4480	1092.8000	1028090.0	4000539.0	.21698
Takla_soc	15	1968	0.689895	774.9090	1147.9900	1030110.0	4002441.0	.23423
Takla_soc	16	1783	0.696252	644.3360	880.9950	1029520.0	4003764.0	.24705
Takla_soc	17	1806	0.702703	538.8980	978.6900	1031090.0	4003092.0	.19148
Takla_soc	18	1716	0.709236	583.7290	1202.7900	1033930.0	4000791.0	.16379
Takla_soc	19	1795	0.715715	586.8470	1137.1700	1029700.0	4001154.0	.17272
Takla_soc	20	1845	0.723149	599.4360	1154.6300	1029100.0	4000041.0	.17857
Takla_soc	21	1972	0.731752	572.8950	1181.6200	1033850.0	4002012.0	.16666
Takla_soc	22	1882	0.741875	508.6930	1140.3000	1034830.0	4003659.0	.15454
Takla_soc	23	2074	0.753165	575.0290	1556.0500	1035670.0	4000056.0	.12666
Takla_soc	24	1751	0.767442	569.9360	1220.2200	1037400.0	4002882.0	.16239
Takla_soc	25	2206	0.788758	606.7710	1612.3500	1030730.0	4007037.0	.12820
Takla_soc	26	586	0.817391	92.391	208.407	169248.000	655752.000	.14634
kokanne	1	2615	0.487903	2198.7000	1323.6700	1016670.0	4000545.0	.56153
kokanne	2	3035	0.557823	1494.5900	1132.9700	1019060.0	4002180.0	.45045
kokanne	3	2800	0.597855	1123.1800	1096.9300	1022360.0	4000575.0	.34579
kokanne	4	2522	0.621889	1026.3600	1041.3500	1024160.0	4000140.0	.33663
kokanne	5	2452	0.641753	933.3600	1411.9800	1029520.0	4002213.0	.22627
kokanne	6	2392	0.658273	984.0070	1414.9600	1029130.0	4001301.0	.24087
kokanne	7	2243	0.673077	871.9340	1481.9300	1031130.0	4003737.0	.20279
kokanne	8	2099	0.687817	889.1170	1329.5100	1030500.0	4005942.0	.22480
kokanne	9	1900	0.697674	828.9420	1335.5700	1028090.0	4002222.0	.20930
kokanne	10	1837	0.709139	828.6450	1396.3200	1035060.0	4000500.0	.20149
kokanne	11	1845	0.723056	778.5070	1328.4700	1029440.0	4000002.0	.20155
kokanne	12	2062	0.738431	729.6260	1512.2500	1037640.0	4000569.0	.16551
kokanne	13	1957	0.759786	834.2440	2000.8800	1037540.0	4000458.0	.14583
kokanne	14	2087	0.788618	761.754	1854.150	964849.000	3732399.000	.14062
sockeye	1	2575	0.461126	2330.9400	1286.1500	1013980.0	4000308.0	.61904
sockeye	2	2904	0.521277	1479.5100	995.6840	1015220.0	4004268.0	.50000
sockeye	3	2789	0.555228	1138.1900	940.9390	1019890.0	4002759.0	.41304
sockeye	4	2998	0.580076	1124.7900	950.3500	1021040.0	4003638.0	.39784
sockeye	5	2855	0.599407	1095.3600	941.2800	1020170.0	4000086.0	.39130
sockeye	6	2652	0.614325	976.3660	1126.1600	1024970.0	4006281.0	.29357
sockeye	7	2516	0.626794	961.5370	1168.6400	1026770.0	4001676.0	.28318
sockeye	8	2517	0.637899	868.6840	1157.3000	1026160.0	4001316.0	.25892
sockeye	9	2420	0.64818	871.6930	1220.8600	1030500.0	4004760.0	.24576
sockeye	10	2429	0.656958	979.5750	1315.7900	1027500.0	4001988.0	.25000
sockeye	11	2371	0.666053	847.9790	1365.1000	1027770.0	4000356.0	.21212
sockeye	12	2214	0.673973	952.8290	1626.5600	1029530.0	4001244.0	.20382
sockeye	13	2178	0.682327	784.1380	1148.3100	1030380.0	4000566.0	.23423
sockeye	14	2045	0.689655	929.7180	1349.6000	1028980.0	4000269.0	.23664
sockeye	15	1888	0.695652	866.5600	1351.0200	1027710.0	4001112.0	.22137
sockeye	16	1942	0.702306	869.6030	1454.0900	1033680.0	4003809.0	.20714
sockeye	17	1777	0.708771	773.6320	1478.3400	1035050.0	4000083.0	.18309
sockeye	18	1977	0.716418	948.0860	1718.1300	1028910.0	4000347.0	.18674
sockeye	19	1815	0.723902	820.0960	1554.8600	1033410.0	4001508.0	.18000
sockeye	20	2014	0.731844	724.6090	1340.5900	1034030.0	4000857.0	.18604
sockeye	21	1897	0.741641	667.4720	1482.9700	1035990.0	4001022.0	.15384
sockeye	22	2018	0.753769	757.6390	1766.7600	1037790.0	4000386.0	.14705
sockeye	23	1868	0.76795	740.8540	1665.0500	1038290.0	4002153.0	.15000
sockeye	24	2191	0.786164	838.5480	2247.6700	1035100.0	4001610.0	.12903
sockeye	25	980	0.806931	260.549	585.311	349583.000	1359699.000	.14970
